id,info,rname,sname,star
14966941,玄奘三藏,a*****,ios服,SSR
14966942,李书文,机*****,安卓bili服,SR
14966943,阿尔托莉雅·潘德拉贡〔Alter〕,c*****,安卓bili服,SR
14966944,玉藻猫,D*****,ios服,SR
14966945,伊丽莎白·巴托里,伊*****,安卓bili服,SR
14966946,玛尔达,1*****,安卓bili服,SR
14966947,芬恩·麦克库尔,e*****,安卓bili服,SR
14966948,玉藻猫,e*****,安卓bili服,SR
14966949,李书文,a*****,ios服,SR
14966950,阿蒂拉,p*****,安卓bili服,SSR
14966951,弗兰肯斯坦,p*****,安卓bili服,SR
14966952,卡米拉,d*****,ios服,SR
14966953,李书文,p*****,ios服,SR
14966954,莫德雷德,p*****,ios服,SSR
14966955,兰斯洛特,p*****,ios服,SR
14966956,斯忒诺,f*****,安卓bili服,SR
14966957,赫拉克勒斯,t*****,安卓bili服,SR
14966958,诸葛孔明〔埃尔梅罗Ⅱ世〕,f*****,ios服,SSR
14966959,骑士迪昂,8*****,安卓bili服,SR
14966960,伊丽莎白·巴托里,o*****,安卓bili服,SR
14966961,赫拉克勒斯,o*****,安卓bili服,SR
14966962,开膛手杰克,9*****,ios服,SSR
14966963,骑士迪昂,剑*****,安卓bili服,SR
14966964,罗摩,e*****,安卓bili服,SR
14966965,斯忒诺,初*****,ios服,SR
14966966,玛丽·安托瓦内特,e*****,安卓bili服,SR
14966967,李书文,r*****,安卓bili服,SR
14966968,赫拉克勒斯,F*****,ios服,SR
14966969,玄奘三藏,玛*****,安卓bili服,SSR
14966970,南丁格尔,大*****,ios服,SSR
14966971,卫宫,肌*****,安卓bili服,SR
14966972,海伦娜·布拉瓦茨基,箱*****,安卓bili服,SR
14966973,李书文,Q*****,ios服,SR
14966974,玛尔达,r*****,安卓bili服,SR
14966975,玄奘三藏,e*****,安卓bili服,SSR
14966976,李书文,h*****,安卓bili服,SR
14966977,卡米拉,简*****,安卓bili服,SR
14966978,李书文,c*****,ios服,SR
14966979,玄奘三藏,l*****,安卓bili服,SSR
14966980,李书文,无*****,ios服,SR
14966981,玉藻猫,v*****,安卓bili服,SR
14966982,南丁格尔,c*****,安卓bili服,SSR
14966983,童谣,n*****,ios服,SR
14966984,玄奘三藏,r*****,安卓bili服,SSR
14966985,赫拉克勒斯,w*****,安卓bili服,SR
14966986,玄奘三藏,o*****,安卓bili服,SSR
14966987,玛尔达,i*****,安卓bili服,SR
14966988,卫宫,i*****,安卓bili服,SR
14966989,阿塔兰忒,1*****,ios服,SR
14966990,李书文,师*****,安卓bili服,SR
14966991,开膛手杰克,师*****,安卓bili服,SSR
14966992,迦尔纳,黑*****,安卓bili服,SSR
14966993,玛丽·安托瓦内特,r*****,安卓bili服,SR
14966994,骑士迪昂,r*****,安卓bili服,SR
14966995,赫拉克勒斯,r*****,安卓bili服,SR
14966996,李书文,h*****,安卓bili服,SR
14966997,弗兰肯斯坦,9*****,ios服,SR
14966998,玉藻猫,a*****,安卓bili服,SR
14966999,开膛手杰克,七*****,安卓bili服,SSR
14967000,李书文,h*****,安卓bili服,SR
14967001,贝奥武夫,超*****,安卓bili服,SR
14967002,李书文,1*****,安卓bili服,SR
14967003,玄奘三藏,1*****,安卓bili服,SSR
14967004,俄里翁,e*****,安卓bili服,SSR
14967005,玄奘三藏,弧*****,安卓bili服,SSR
14967006,阿尔托莉雅·潘德拉贡,A*****,安卓bili服,SSR
14967007,赫拉克勒斯,2*****,安卓bili服,SR
14967008,玄奘三藏,r*****,安卓bili服,SSR
14967009,玄奘三藏,毫*****,ios服,SSR
14967010,李书文,h*****,安卓bili服,SR
14967011,玛尔达,暗*****,安卓bili服,SR
14967012,玄奘三藏,T*****,安卓bili服,SSR
14967013,诸葛孔明〔埃尔梅罗Ⅱ世〕,＞*****,安卓联运服,SSR
14967014,李书文,o*****,安卓bili服,SR
14967015,阿塔兰忒,3*****,安卓bili服,SR
14967016,李书文,d*****,ios服,SR
14967017,李书文,d*****,ios服,SR
14967018,阿斯托尔福,修*****,ios服,SR
14967019,卡米拉,k*****,ios服,SR
14967020,玛尔达,汐*****,ios服,SR
14967021,伊丽莎白·巴托里,h*****,安卓bili服,SR
14967022,玛尔达,h*****,安卓bili服,SR
14967023,伊丽莎白·巴托里,d*****,安卓bili服,SR
14967024,童谣,三*****,安卓bili服,SR
14967025,骑士迪昂,j*****,安卓bili服,SR
14967026,齐格飞,j*****,安卓bili服,SR
14967027,玉藻猫,l*****,安卓bili服,SR
14967028,卡米拉,3*****,安卓bili服,SR
14967029,玛丽·安托瓦内特,x*****,安卓bili服,SR
14967030,阿斯托尔福,x*****,安卓bili服,SR
14967031,俄里翁,e*****,安卓bili服,SSR
14967032,弗拉德三世,欲*****,安卓联运服,SSR
14967033,李书文,黑*****,安卓bili服,SR
14967034,玄奘三藏,天*****,安卓bili服,SSR
14967035,李书文,e*****,安卓bili服,SR
14967036,李书文,腹*****,安卓bili服,SR
14967037,李书文,商*****,安卓bili服,SR
14967038,玄奘三藏,f*****,安卓bili服,SSR
14967039,骑士迪昂,e*****,安卓bili服,SR
14967040,童谣,墨*****,安卓bili服,SR
