id,info,rname,sname,star
15691435,玛尔达,公*****,安卓bili服,SR
15691436,卡米拉,佟*****,安卓bili服,SR
15691437,莫德雷德,命*****,安卓联运服,SSR
15691438,骑士迪昂,终*****,安卓bili服,SR
15691439,伊丽莎白·巴托里,明*****,安卓bili服,SR
15691440,卫宫,皮*****,ios服,SR
15691441,赫拉克勒斯,卜*****,安卓bili服,SR
15691442,卫宫,戈*****,安卓bili服,SR
15691443,玛丽·安托瓦内特,戈*****,安卓bili服,SR
15691444,玛丽·安托瓦内特,羊*****,安卓bili服,SR
15691445,骑士迪昂,海*****,安卓bili服,SR
15691446,齐格飞,徐*****,安卓bili服,SR
15691447,齐格飞,花*****,ios服,SR
15691448,卡米拉,广*****,安卓bili服,SR
15691449,赫拉克勒斯,芹*****,安卓bili服,SR
15691450,卫宫,杭*****,安卓bili服,SR
15691451,斯忒诺,邢*****,安卓bili服,SR
15691452,玛尔达,裴*****,安卓bili服,SR
15691453,卫宫,邢*****,安卓bili服,SR
15691454,齐格飞,白*****,安卓bili服,SR
15691455,齐格飞,贺*****,安卓bili服,SR
15691456,斯忒诺,任*****,安卓bili服,SR
15691457,赫拉克勒斯,花*****,安卓bili服,SR
15691458,玛丽·安托瓦内特,贺*****,安卓bili服,SR
15691459,骑士迪昂,堵*****,安卓bili服,SR
15691460,伊丽莎白·巴托里,誓*****,安卓bili服,SR
15691461,卫宫,贡*****,安卓bili服,SR
15691462,玉藻猫,黎*****,安卓bili服,SR
15691463,骑士迪昂,匡*****,安卓bili服,SR
15691464,斯忒诺,长*****,安卓bili服,SR
15691465,斯忒诺,乐*****,安卓bili服,SR
15691466,赫拉克勒斯,乐*****,安卓bili服,SR
15691467,卫宫,昝*****,安卓bili服,SR
15691468,赫拉克勒斯,天*****,安卓bili服,SR
15691469,骑士迪昂,权*****,安卓bili服,SR
15691470,玉藻猫,闽*****,安卓bili服,SR
15691471,卫宫,岳*****,安卓bili服,SR
15691472,玛尔达,欧*****,安卓bili服,SR
15691473,卫宫,公*****,安卓bili服,SR
15691474,骑士迪昂,宗*****,安卓bili服,SR
15691475,玉藻猫,欧*****,安卓bili服,SR
15691476,卡米拉,宗*****,安卓bili服,SR
15691477,斯忒诺,鞠*****,安卓bili服,SR
15691478,玛尔达,侯*****,安卓bili服,SR
15691479,齐格飞,索*****,安卓bili服,SR
15691480,赫拉克勒斯,侯*****,安卓bili服,SR
15691481,玛丽·安托瓦内特,乐*****,安卓bili服,SR
15691482,骑士迪昂,谭*****,安卓bili服,SR
15691483,卫宫,夹*****,安卓bili服,SR
15691484,骑士迪昂,乐*****,安卓bili服,SR
15691485,玛尔达,尹*****,安卓bili服,SR
15691486,骑士迪昂,相*****,安卓bili服,SR
15691487,赫拉克勒斯,富*****,安卓bili服,SR
15691488,齐格飞,富*****,安卓bili服,SR
15691489,骑士迪昂,富*****,安卓bili服,SR
15691490,齐格飞,况*****,安卓bili服,SR
15691491,齐格飞,郜*****,安卓bili服,SR
15691492,玛丽·安托瓦内特,后*****,安卓bili服,SR
15691493,卡米拉,郜*****,安卓bili服,SR
15691494,斯忒诺,狄*****,安卓bili服,SR
15691495,卫宫,佘*****,安卓bili服,SR
15691496,齐格飞,咸*****,安卓bili服,SR
15691497,伊丽莎白·巴托里,咸*****,安卓bili服,SR
15691498,伊丽莎白·巴托里,乌*****,安卓bili服,SR
15691499,骑士迪昂,况*****,安卓bili服,SR
15691500,卫宫,西*****,安卓bili服,SR
15691501,弗兰肯斯坦,x*****,ios服,SR
15691502,迦尔纳,x*****,ios服,SSR
15691503,玛丽·安托瓦内特,深*****,ios服,SR
15691504,伊丽莎白·巴托里,深*****,ios服,SR
15691505,骑士迪昂,斌*****,ios服,SR
15691506,伊丽莎白·巴托里,小*****,ios服,SR
15691507,赫拉克勒斯,会*****,ios服,SR
15691508,斯忒诺,j*****,安卓bili服,SR
15691509,卫宫,j*****,安卓bili服,SR
15691510,玄奘三藏,小*****,安卓bili服,SSR
15691511,卡米拉,L*****,ios服,SR
15691512,赫拉克勒斯,V*****,安卓bili服,SR
15691513,玉藻猫,V*****,安卓bili服,SR
15691514,玛丽·安托瓦内特,可*****,ios服,SR
15691515,斯忒诺,J*****,ios服,SR
15691516,卫宫,琼*****,ios服,SR
15691517,卫宫,琼*****,ios服,SR
15691518,骑士迪昂,芬*****,安卓bili服,SR
15691519,卫宫,萨*****,安卓bili服,SR
15691520,骑士迪昂,萧*****,安卓bili服,SR
15691521,赫拉克勒斯,d*****,ios服,SR
15691522,玛丽·安托瓦内特,d*****,ios服,SR
15691523,赫拉克勒斯,优*****,ios服,SR
15691524,玄奘三藏,夏*****,安卓bili服,SSR
15691525,安妮·伯妮＆玛莉·瑞德,诸*****,安卓bili服,SR
15691526,卡米拉,没*****,安卓bili服,SR
15691527,斯忒诺,宛*****,安卓bili服,SR
15691528,玛尔达,芙*****,安卓bili服,SR
15691529,李书文,№*****,安卓联运服,SR
15691530,齐格飞,芬*****,ios服,SR
15691531,斯忒诺,瑾*****,ios服,SR
15691532,玛丽·安托瓦内特,瑾*****,ios服,SR
15691533,齐格飞,丹*****,ios服,SR
15691534,卡米拉,炎*****,安卓bili服,SR
