id,info,rname,sname,star
23849400,茨木童子,叫*****,安卓bili服,SR
23849401,贞德,蜗*****,ios服,SSR
23849402,斯忒诺,9*****,安卓bili服,SR
23849403,卫宫,p*****,安卓bili服,SR
23849404,安妮·伯妮＆玛莉·瑞德,p*****,安卓bili服,SR
23849405,斯忒诺,a*****,安卓bili服,SR
23849406,童谣,w*****,安卓bili服,SR
23849407,茨木童子,i*****,安卓bili服,SR
23849408,源赖光,N*****,ios服,SSR
23849409,齐格飞,雷*****,安卓bili服,SR
23849410,罗摩,雷*****,安卓bili服,SR
23849411,源赖光,艾*****,安卓bili服,SSR
23849412,卡米拉,艾*****,安卓bili服,SR
23849413,斯忒诺,雷*****,安卓bili服,SR
23849414,罗摩,j*****,安卓bili服,SR
23849415,卡米拉,j*****,安卓bili服,SR
23849416,阿尔托莉雅·潘德拉贡,l*****,安卓bili服,SSR
23849417,茨木童子,5*****,ios服,SR
23849418,阿斯托尔福,抽*****,安卓bili服,SR
23849419,茨木童子,你*****,安卓bili服,SR
23849420,罗摩,禁*****,安卓bili服,SR
23849421,海伦娜·布拉瓦茨基,卫*****,安卓bili服,SR
23849422,卫宫,k*****,安卓bili服,SR
23849423,伊丽莎白·巴托里,信*****,安卓bili服,SR
23849424,源赖光,d*****,ios服,SSR
23849425,罗摩,y*****,安卓联运服,SR
23849426,茨木童子,十*****,安卓bili服,SR
23849427,茨木童子,酒*****,安卓bili服,SR
23849428,茨木童子,总*****,安卓bili服,SR
23849429,茨木童子,昱*****,安卓bili服,SR
23849430,源赖光,红*****,ios服,SSR
23849431,茨木童子,魏*****,安卓bili服,SR
23849432,源赖光,南*****,安卓bili服,SSR
23849433,茨木童子,笪*****,安卓bili服,SR
23849434,茨木童子,南*****,ios服,SR
23849435,茨木童子,笪*****,安卓bili服,SR
23849436,海伦娜·布拉瓦茨基,高*****,安卓bili服,SR
23849437,源赖光,盖*****,安卓bili服,SSR
23849438,贝奥武夫,1*****,安卓bili服,SR
23849439,阿斯托尔福,Y*****,ios服,SR
23849440,茨木童子,流*****,安卓bili服,SR
23849441,卡米拉,笪*****,安卓bili服,SR
23849442,卫宫〔Assassin〕,b*****,安卓bili服,SR
23849443,阿塔兰忒,o*****,安卓bili服,SR
23849444,贝奥武夫,e*****,安卓bili服,SR
23849445,源赖光,I*****,ios服,SSR
23849446,茨木童子,p*****,ios服,SR
23849447,茨木童子,X*****,ios服,SR
23849448,弗兰肯斯坦,高*****,安卓bili服,SR
23849449,源赖光,卢*****,安卓bili服,SSR
23849450,茨木童子,鬼*****,ios服,SR
23849451,罗摩,蔡*****,安卓bili服,SR
23849452,茨木童子,盖*****,安卓bili服,SR
23849453,弗兰肯斯坦,魏*****,安卓bili服,SR
23849454,源赖光,i*****,安卓bili服,SSR
23849455,弗兰肯斯坦,蔡*****,安卓bili服,SR
23849456,兰斯洛特,小*****,安卓bili服,SR
23849457,童谣,1*****,安卓bili服,SR
23849458,源赖光,儒*****,ios服,SSR
23849459,兰斯洛特,y*****,安卓bili服,SR
23849460,茨木童子,灬*****,安卓bili服,SR
23849461,源赖光,白*****,安卓bili服,SSR
23849462,源赖光,非*****,ios服,SSR
23849463,茨木童子,偷*****,安卓bili服,SR
23849464,玉藻猫,b*****,安卓bili服,SR
23849465,茨木童子,N*****,ios服,SR
23849466,诸葛孔明〔埃尔梅罗Ⅱ世〕,y*****,安卓bili服,SSR
23849467,阿塔兰忒,y*****,安卓bili服,SR
23849468,安妮·伯妮＆玛莉·瑞德,y*****,安卓bili服,SR
23849469,茨木童子,I*****,ios服,SR
23849470,阿塔兰忒,d*****,安卓bili服,SR
23849471,卫宫〔Assassin〕,芮*****,安卓bili服,SR
23849472,茨木童子,古*****,安卓bili服,SR
23849473,茨木童子,恶*****,安卓bili服,SR
23849474,源赖光,向*****,安卓bili服,SSR
23849475,茨木童子,天*****,ios服,SR
23849476,茨木童子,不*****,安卓bili服,SR
23849477,茨木童子,芮*****,安卓bili服,SR
23849478,骑士迪昂,3*****,ios服,SR
23849479,齐格飞,芘*****,安卓bili服,SR
23849480,茨木童子,习*****,安卓bili服,SR
23849481,茨木童子,寒*****,安卓bili服,SR
23849482,源赖光,寒*****,安卓bili服,SSR
23849483,茨木童子,b*****,安卓bili服,SR
23849484,玛尔达,b*****,安卓bili服,SR
23849485,源赖光,习*****,安卓bili服,SSR
23849486,赫拉克勒斯,木*****,安卓bili服,SR
23849487,骑士迪昂,木*****,安卓bili服,SR
23849488,源赖光,薛*****,安卓bili服,SSR
23849489,开膛手杰克,薛*****,安卓bili服,SSR
23849490,诸葛孔明〔埃尔梅罗Ⅱ世〕,东*****,安卓bili服,SSR
23849491,阿尔托莉雅·潘德拉贡,轼*****,安卓bili服,SSR
23849492,茨木童子,N*****,安卓bili服,SR
23849493,茨木童子,0*****,安卓bili服,SR
23849494,茨木童子,芮*****,安卓bili服,SR
23849495,阿周那,t*****,安卓bili服,SSR
23849496,茨木童子,薛*****,安卓bili服,SR
23849497,源赖光,薛*****,安卓bili服,SSR
23849498,茨木童子,薛*****,安卓bili服,SR
23849499,源赖光,b*****,安卓bili服,SSR
