id,info,rname,sname,star
7051087,托马斯·爱迪生,z*****,安卓bili服,SR
7051088,库·丘林[Alter],z*****,安卓bili服,SSR
7051089,赫拉克勒斯,k*****,安卓bili服,SR
7051090,托马斯·爱迪生,y*****,安卓bili服,SR
7051091,伊丽莎白·巴托里,t*****,安卓bili服,SR
7051092,托马斯·爱迪生,n*****,安卓bili服,SR
7051093,贝奥武夫,阿*****,ios服,SR
7051094,托马斯·爱迪生,阿*****,ios服,SR
7051095,骑士迪昂,h*****,安卓bili服,SR
7051096,托马斯·爱迪生,G*****,ios服,SR
7051097,阿蒂拉,闲*****,ios服,SSR
7051098,库·丘林[Alter],j*****,安卓bili服,SSR
7051099,库·丘林[Alter],n*****,安卓bili服,SSR
7051100,卡米拉,v*****,安卓bili服,SR
7051101,玉藻猫,f*****,安卓bili服,SR
7051102,弗拉德三世,梦*****,ios服,SSR
7051103,托马斯·爱迪生,k*****,ios服,SR
7051104,托马斯·爱迪生,v*****,ios服,SR
7051105,托马斯·爱迪生,g*****,ios服,SR
7051106,海伦娜·布拉瓦茨基,1*****,安卓bili服,SR
7051107,托马斯·爱迪生,c*****,安卓bili服,SR
7051108,骑士迪昂,c*****,安卓bili服,SR
7051109,兰斯洛特,5*****,安卓bili服,SR
7051110,托马斯·爱迪生,一*****,安卓bili服,SR
7051111,兰斯洛特,b*****,安卓bili服,SR
7051112,骑士迪昂,2*****,安卓bili服,SR
7051113,弗兰肯斯坦,2*****,安卓bili服,SR
7051114,阿斯托尔福,1*****,ios服,SR
7051115,赫拉克勒斯,u*****,安卓bili服,SR
7051116,托马斯·爱迪生,r*****,ios服,SR
7051117,玉藻猫,1*****,ios服,SR
