id,info,rname,sname,star
13560116,阿尔托莉雅·潘德拉贡,赤*****,安卓bili服,SSR
13560117,李书文,梅*****,安卓bili服,SR
13560118,李书文,梅*****,安卓bili服,SR
13560119,李书文,蓼*****,ios服,SR
13560120,兰斯洛特,e*****,安卓bili服,SR
13560121,弗兰肯斯坦,萦*****,ios服,SR
13560122,李书文,m*****,安卓bili服,SR
13560123,李书文,S*****,安卓联运服,SR
13560124,玄奘三藏,h*****,ios服,SSR
13560125,海伦娜·布拉瓦茨基,w*****,安卓bili服,SR
13560126,玄奘三藏,i*****,ios服,SSR
13560127,李书文,半*****,安卓bili服,SR
13560128,罗摩,s*****,ios服,SR
13560129,李书文,s*****,ios服,SR
13560130,玄奘三藏,3*****,ios服,SSR
13560131,芬恩·麦克库尔,随*****,ios服,SR
13560132,齐格飞,m*****,ios服,SR
13560133,阿周那,1*****,安卓bili服,SSR
13560134,卫宫,1*****,ios服,SR
13560135,斯忒诺,u*****,ios服,SR
13560136,芬恩·麦克库尔,7*****,安卓bili服,SR
13560137,李书文,7*****,安卓bili服,SR
13560138,齐格飞,亦*****,ios服,SR
13560139,斯忒诺,喵*****,安卓bili服,SR
13560140,卫宫,b*****,ios服,SR
13560141,李书文,3*****,安卓bili服,SR
13560142,斯忒诺,1*****,安卓bili服,SR
13560143,齐格飞,「*****,安卓bili服,SR
13560144,玉藻猫,d*****,ios服,SR
13560145,阿斯托尔福,冰*****,ios服,SR
13560146,齐格飞,却*****,ios服,SR
13560147,芬恩·麦克库尔,8*****,安卓bili服,SR
13560148,齐格飞,雕*****,ios服,SR
13560149,玉藻猫,况*****,ios服,SR
13560150,李书文,长*****,ios服,SR
13560151,李书文,况*****,ios服,SR
13560152,李书文,p*****,ios服,SR
13560153,阿斯托尔福,兔*****,安卓bili服,SR
13560154,南丁格尔,小*****,安卓bili服,SSR
13560155,李书文,0*****,安卓bili服,SR
13560156,海伦娜·布拉瓦茨基,o*****,ios服,SR
13560157,骑士迪昂,e*****,安卓bili服,SR
13560158,李书文,消*****,安卓bili服,SR
13560159,李书文,t*****,安卓bili服,SR
13560160,李书文,5*****,安卓bili服,SR
13560161,兰斯洛特,a*****,安卓bili服,SR
13560162,玄奘三藏,音*****,安卓bili服,SSR
13560163,阿斯托尔福,w*****,安卓bili服,SR
13560164,芬恩·麦克库尔,7*****,ios服,SR
13560165,李书文,7*****,ios服,SR
13560166,芬恩·麦克库尔,7*****,ios服,SR
13560167,李书文,大*****,ios服,SR
13560168,李书文,美*****,ios服,SR
13560169,罗摩,1*****,安卓bili服,SR
13560170,赫拉克勒斯,K*****,安卓bili服,SR
13560171,莫德雷德,我*****,安卓bili服,SSR
13560172,李书文,l*****,安卓bili服,SR
13560173,齐格飞,x*****,安卓bili服,SR
13560174,玉藻猫,r*****,ios服,SR
13560175,李书文,r*****,ios服,SR
13560176,齐格飞,1*****,安卓bili服,SR
13560177,玄奘三藏,r*****,ios服,SSR
13560178,赫拉克勒斯,c*****,ios服,SR
13560179,李书文,c*****,ios服,SR
13560180,李书文,沉*****,安卓bili服,SR
13560181,玄奘三藏,小*****,ios服,SSR
13560182,玛尔达,小*****,ios服,SR
13560183,李书文,御*****,安卓bili服,SR
13560184,开膛手杰克,3*****,安卓bili服,SSR
13560185,阿塔兰忒,神*****,安卓bili服,SR
13560186,李书文,s*****,ios服,SR
13560187,李书文,m*****,安卓bili服,SR
13560188,李书文,z*****,安卓bili服,SR
13560189,海伦娜·布拉瓦茨基,4*****,安卓bili服,SR
13560190,玄奘三藏,[*****,ios服,SSR
13560191,安妮·伯妮＆玛莉·瑞德,公*****,安卓bili服,SR
13560192,兰斯洛特,c*****,ios服,SR
13560193,玄奘三藏,冬*****,安卓bili服,SSR
13560194,李书文,i*****,安卓bili服,SR
13560195,兰斯洛特,连*****,ios服,SR
13560196,贝奥武夫,a*****,ios服,SR
13560197,贝奥武夫,7*****,ios服,SR
13560198,弗兰肯斯坦,阿*****,ios服,SR
13560199,李书文,b*****,安卓bili服,SR
13560200,芬恩·麦克库尔,A*****,ios服,SR
13560201,弗兰肯斯坦,A*****,ios服,SR
13560202,骑士迪昂,原*****,安卓bili服,SR
13560203,芬恩·麦克库尔,1*****,安卓bili服,SR
13560204,李书文,q*****,ios服,SR
13560205,贝奥武夫,q*****,ios服,SR
13560206,玄奘三藏,a*****,安卓bili服,SSR
13560207,玄奘三藏,d*****,安卓bili服,SSR
13560208,骑士迪昂,叫*****,安卓bili服,SR
13560209,玛尔达,r*****,安卓bili服,SR
13560210,李书文,1*****,安卓bili服,SR
13560211,李书文,H*****,ios服,SR
13560212,李书文,s*****,安卓bili服,SR
13560213,玄奘三藏,3*****,安卓bili服,SSR
13560214,李书文,虾*****,安卓bili服,SR
13560215,迦尔纳,满*****,ios服,SSR
