id,info,rname,sname,star
24850074,源赖光,欧*****,安卓bili服,SSR
24850075,玉藻猫,b*****,安卓bili服,SR
24850076,茨木童子,蓝*****,安卓bili服,SR
24850077,诸葛孔明〔埃尔梅罗Ⅱ世〕,c*****,ios服,SSR
24850078,茨木童子,Z*****,ios服,SR
24850079,海伦娜·布拉瓦茨基,U*****,安卓bili服,SR
24850080,茨木童子,d*****,安卓bili服,SR
24850081,源赖光,t*****,安卓bili服,SSR
24850082,茨木童子,奈*****,安卓bili服,SR
24850083,茨木童子,罗*****,安卓联运服,SR
24850084,茨木童子,I*****,安卓bili服,SR
24850085,赫拉克勒斯,叶*****,安卓联运服,SR
24850086,源赖光,u*****,安卓bili服,SSR
24850087,茨木童子,贺*****,安卓bili服,SR
24850088,海伦娜·布拉瓦茨基,贺*****,安卓bili服,SR
24850089,阿塔兰忒,研*****,ios服,SR
24850090,源赖光,研*****,ios服,SSR
24850091,赫拉克勒斯,r*****,安卓bili服,SR
24850092,诸葛孔明〔埃尔梅罗Ⅱ世〕,t*****,安卓bili服,SSR
24850093,伊丽莎白·巴托里,仉*****,安卓bili服,SR
24850094,源赖光,东*****,安卓bili服,SSR
24850095,卫宫,p*****,安卓bili服,SR
24850096,茨木童子,2*****,ios服,SR
24850097,阿蒂拉,愤*****,安卓bili服,SSR
24850098,阿周那,a*****,安卓bili服,SSR
24850099,阿斯托尔福,会*****,ios服,SR
24850100,源赖光,1*****,ios服,SSR
24850101,茨木童子,r*****,安卓bili服,SR
24850102,弗朗西斯·德雷克,大*****,ios服,SSR
24850103,罗摩,蓬*****,ios服,SR
24850104,斯忒诺,蓬*****,ios服,SR
