id,info,rname,sname,star
28340246,源赖光,j*****,ios服,SSR
28340247,卡米拉,3*****,安卓bili服,SR
28340248,赫拉克勒斯,t*****,安卓bili服,SR
28340249,茨木童子,h*****,安卓bili服,SR
28340250,茨木童子,q*****,安卓bili服,SR
28340251,茨木童子,y*****,安卓bili服,SR
28340252,玛丽·安托瓦内特,j*****,安卓bili服,SR
28340253,玛丽·安托瓦内特,j*****,安卓bili服,SR
28340254,斯忒诺,7*****,安卓bili服,SR
28340255,源赖光,L*****,ios服,SSR
28340256,源赖光,n*****,安卓bili服,SSR
28340257,童谣,v*****,安卓bili服,SR
28340258,卫宫,f*****,安卓bili服,SR
28340259,诸葛孔明〔埃尔梅罗Ⅱ世〕,m*****,安卓bili服,SSR
28340260,茨木童子,k*****,安卓bili服,SR
28340261,阿尔托莉雅·潘德拉贡,七*****,ios服,SSR
28340262,源赖光,艹*****,ios服,SSR
28340263,芬恩·麦克库尔,c*****,ios服,SR
28340264,茨木童子,j*****,安卓bili服,SR
28340265,罗摩,7*****,安卓bili服,SR
28340266,莫德雷德,y*****,安卓bili服,SSR
28340267,伊丽莎白·巴托里,夏*****,安卓bili服,SR
28340268,女王梅芙,n*****,安卓bili服,SSR
28340269,茨木童子,h*****,安卓bili服,SR
28340270,茨木童子,郭*****,ios服,SR
28340271,卫宫,x*****,安卓bili服,SR
28340272,茨木童子,a*****,安卓bili服,SR
28340273,茨木童子,谢*****,ios服,SR
28340274,茨木童子,j*****,安卓bili服,SR
28340275,尼禄·克劳狄乌斯,o*****,安卓bili服,SR
28340276,茨木童子,z*****,安卓bili服,SR
28340277,芬恩·麦克库尔,h*****,ios服,SR
28340278,齐格飞,f*****,安卓bili服,SR
28340279,玉藻猫,大*****,ios服,SR
28340280,贝奥武夫,n*****,安卓bili服,SR
28340281,源赖光,r*****,ios服,SSR
28340282,迦尔纳,克*****,ios服,SSR
28340283,茨木童子,乌*****,ios服,SR
28340284,源赖光,t*****,安卓bili服,SSR
28340285,茨木童子,贝*****,ios服,SR
28340286,卡米拉,马*****,ios服,SR
28340287,弗兰肯斯坦,马*****,ios服,SR
28340288,贞德,p*****,安卓bili服,SSR
28340289,卫宫,h*****,ios服,SR
28340290,俄里翁,r*****,安卓bili服,SSR
28340291,源赖光,有*****,ios服,SSR
28340292,兰斯洛特,n*****,安卓bili服,SR
28340293,茨木童子,万*****,ios服,SR
28340294,源赖光,8*****,安卓bili服,SSR
28340295,贞德,e*****,ios服,SSR
28340296,阿塔兰忒,N*****,安卓bili服,SR
28340297,兰斯洛特,郑*****,ios服,SR
28340298,海伦娜·布拉瓦茨基,0*****,安卓bili服,SR
28340299,莫德雷德,w*****,安卓bili服,SSR
28340300,斯忒诺,H*****,安卓bili服,SR
28340301,兰斯洛特,a*****,安卓bili服,SR
28340302,茨木童子,咲*****,ios服,SR
28340303,赫拉克勒斯,b*****,安卓bili服,SR
28340304,斯忒诺,蒲*****,ios服,SR
28340305,茨木童子,荣*****,ios服,SR
28340306,卡米拉,悠*****,安卓bili服,SR
28340307,茨木童子,银*****,安卓bili服,SR
28340308,茨木童子,b*****,安卓bili服,SR
28340309,源赖光,b*****,安卓bili服,SSR
28340310,兰斯洛特,l*****,安卓bili服,SR
28340311,安妮·伯妮＆玛莉·瑞德,r*****,安卓bili服,SR
28340312,阿尔托莉雅·潘德拉贡,愿*****,ios服,SSR
28340313,源赖光,詹*****,ios服,SSR
28340314,茨木童子,r*****,安卓bili服,SR
28340315,南丁格尔,特*****,ios服,SSR
28340316,托马斯·爱迪生,F*****,安卓bili服,SR
28340317,海伦娜·布拉瓦茨基,千*****,安卓bili服,SR
28340318,安妮·伯妮＆玛莉·瑞德,百*****,安卓bili服,SR
28340319,茨木童子,h*****,安卓bili服,SR
28340320,赫拉克勒斯,l*****,安卓bili服,SR
28340321,芬恩·麦克库尔,o*****,安卓bili服,SR
28340322,源赖光,丁*****,安卓bili服,SSR
28340323,源赖光,r*****,安卓bili服,SSR
28340324,齐格飞,e*****,ios服,SR
28340325,阿尔托莉雅·潘德拉贡,e*****,ios服,SSR
28340326,茨木童子,z*****,安卓bili服,SR
28340327,玛丽·安托瓦内特,闾*****,ios服,SR
28340328,源赖光,羊*****,ios服,SSR
28340329,茨木童子,n*****,安卓bili服,SR
28340330,贞德,a*****,安卓bili服,SSR
28340331,骑士迪昂,汲*****,ios服,SR
28340332,尼古拉·特斯拉,汲*****,ios服,SSR
28340333,茨木童子,b*****,安卓bili服,SR
28340334,童谣,p*****,安卓bili服,SR
28340335,玉藻猫,q*****,安卓bili服,SR
28340336,茨木童子,b*****,安卓bili服,SR
28340337,玉藻猫,h*****,安卓bili服,SR
28340338,阿蒂拉,g*****,ios服,SSR
28340339,源赖光,誓*****,ios服,SSR
28340340,源赖光,一*****,安卓bili服,SSR
28340341,茨木童子,h*****,安卓bili服,SR
28340342,源赖光,o*****,安卓bili服,SSR
28340343,玉藻猫,颜*****,ios服,SR
28340344,源赖光,U*****,安卓bili服,SSR
28340345,海伦娜·布拉瓦茨基,r*****,安卓bili服,SR
