id,info,rname,sname,star
9398073,卫宫,d*****,ios服,SR
9398074,赫拉克勒斯,q*****,安卓bili服,SR
9398075,卡米拉,q*****,安卓bili服,SR
9398076,玉藻猫,n*****,安卓bili服,SR
9398077,弗兰肯斯坦,Y*****,ios服,SR
9398078,贝奥武夫,w*****,安卓bili服,SR
9398079,安妮·伯妮＆玛莉·瑞德,无*****,安卓bili服,SR
9398080,卫宫〔Assassin〕,D*****,安卓bili服,SR
9398081,赫拉克勒斯,c*****,安卓bili服,SR
9398082,齐格飞,c*****,安卓bili服,SR
9398083,坂田金时,m*****,安卓bili服,SSR
9398084,卡米拉,九*****,ios服,SR
9398085,卡米拉,九*****,ios服,SR
9398086,卫宫〔Assassin〕,z*****,安卓bili服,SR
9398087,齐格飞,3*****,ios服,SR
9398088,骑士迪昂,3*****,ios服,SR
9398089,卫宫〔Assassin〕,张*****,安卓bili服,SR
9398090,阿斯托尔福,张*****,安卓bili服,SR
9398091,弗兰肯斯坦,0*****,ios服,SR
9398092,坂田金时,x*****,ios服,SSR
9398093,玉藻猫,o*****,安卓bili服,SR
9398094,玛丽·安托瓦内特,o*****,安卓bili服,SR
9398095,伊丽莎白·巴托里,o*****,安卓bili服,SR
9398096,安妮·伯妮＆玛莉·瑞德,f*****,ios服,SR
9398097,弗兰肯斯坦,长*****,ios服,SR
9398098,赫拉克勒斯,神*****,安卓bili服,SR
9398099,坂田金时,r*****,安卓bili服,SSR
9398100,贞德,一*****,安卓bili服,SSR
9398101,坂田金时,博*****,ios服,SSR
9398102,卡米拉,1*****,ios服,SR
9398103,骑士迪昂,d*****,安卓bili服,SR
9398104,赫拉克勒斯,d*****,安卓bili服,SR
9398105,阿尔托莉雅·潘德拉贡,8*****,安卓bili服,SSR
9398106,斯忒诺,q*****,ios服,SR
9398107,卡米拉,e*****,安卓bili服,SR
9398108,阿尔托莉雅·潘德拉贡,奏*****,ios服,SSR
9398109,玛尔达,突*****,安卓bili服,SR
9398110,赫拉克勒斯,巫*****,安卓bili服,SR
9398111,阿塔兰忒,t*****,安卓bili服,SR
9398112,卡米拉,m*****,安卓bili服,SR
9398113,骑士迪昂,无*****,安卓bili服,SR
9398114,坂田金时,s*****,安卓bili服,SSR
9398115,安妮·伯妮＆玛莉·瑞德,洛*****,ios服,SR
9398116,赫拉克勒斯,洛*****,ios服,SR
9398117,玛尔达,怜*****,安卓bili服,SR
9398118,安妮·伯妮＆玛莉·瑞德,小*****,安卓bili服,SR
9398119,玛丽·安托瓦内特,1*****,安卓bili服,SR
9398120,骑士迪昂,m*****,ios服,SR
9398121,斯忒诺,m*****,ios服,SR
9398122,坂田金时,h*****,ios服,SSR
9398123,伊丽莎白·巴托里,x*****,安卓bili服,SR
9398124,卫宫,x*****,安卓bili服,SR
9398125,斯忒诺,x*****,安卓bili服,SR
9398126,卡米拉,m*****,安卓bili服,SR
9398127,卫宫,毆*****,安卓bili服,SR
9398128,芬恩·麦克库尔,u*****,安卓bili服,SR
9398129,卫宫,b*****,安卓bili服,SR
9398130,童谣,博*****,ios服,SR
9398131,卡米拉,g*****,安卓bili服,SR
9398132,斯忒诺,g*****,安卓bili服,SR
9398133,坂田金时,芷*****,安卓bili服,SSR
9398134,童谣,m*****,安卓bili服,SR
9398135,卫宫,风*****,安卓bili服,SR
9398136,玛丽·安托瓦内特,b*****,安卓bili服,SR
9398137,卡米拉,f*****,安卓bili服,SR
9398138,玛丽·安托瓦内特,t*****,安卓bili服,SR
9398139,海伦娜·布拉瓦茨基,d*****,安卓bili服,SR
9398140,齐格飞,西*****,安卓bili服,SR
9398141,坂田金时,洛*****,ios服,SSR
9398142,玛丽·安托瓦内特,朝*****,安卓bili服,SR
9398143,玉藻前,維*****,ios服,SSR
9398144,卡米拉,符*****,安卓bili服,SR
9398145,阿尔托莉雅·潘德拉贡〔Alter〕,e*****,安卓bili服,SR
9398146,卫宫〔Assassin〕,7*****,ios服,SR
9398147,玛丽·安托瓦内特,J*****,ios服,SR
9398148,卡米拉,J*****,ios服,SR
9398149,伊丽莎白·巴托里,壹*****,ios服,SR
9398150,托马斯·爱迪生,3*****,ios服,SR
9398151,斯忒诺,m*****,安卓bili服,SR
9398152,阿斯托尔福,滑*****,安卓bili服,SR
9398153,贝奥武夫,滑*****,安卓bili服,SR
9398154,赫拉克勒斯,s*****,安卓bili服,SR
9398155,卡米拉,w*****,安卓bili服,SR
9398156,伊丽莎白·巴托里,C*****,安卓联运服,SR
9398157,海伦娜·布拉瓦茨基,o*****,安卓bili服,SR
9398158,阿塔兰忒,1*****,安卓bili服,SR
9398159,坂田金时,俞*****,安卓bili服,SSR
9398160,玛丽·安托瓦内特,s*****,安卓bili服,SR
9398161,玉藻猫,s*****,安卓bili服,SR
9398162,芬恩·麦克库尔,9*****,安卓bili服,SR
9398163,斯忒诺,p*****,安卓bili服,SR
9398164,阿斯托尔福,e*****,ios服,SR
9398165,卫宫,c*****,安卓bili服,SR
9398166,坂田金时,v*****,安卓bili服,SSR
9398167,弗拉德三世,w*****,安卓bili服,SSR
9398168,赫拉克勒斯,m*****,安卓bili服,SR
9398169,坂田金时,m*****,安卓bili服,SSR
9398170,卫宫〔Assassin〕,x*****,安卓bili服,SR
9398171,玉藻猫,雨*****,ios服,SR
9398172,赫拉克勒斯,7*****,ios服,SR
