id,info,rname,sname,star
23259730,玛丽·安托瓦内特,梦*****,安卓bili服,SR
23259731,兰斯洛特,和*****,安卓bili服,SR
23259732,安妮·伯妮＆玛莉·瑞德,和*****,安卓bili服,SR
23259733,茨木童子,2*****,安卓bili服,SR
23259734,源赖光,颜*****,安卓bili服,SSR
23259735,卫宫,v*****,安卓bili服,SR
23259736,茨木童子,颜*****,安卓bili服,SR
23259737,罗摩,荣*****,安卓bili服,SR
23259738,童谣,甄*****,安卓bili服,SR
23259739,茨木童子,袁*****,安卓bili服,SR
23259740,齐格飞,袁*****,安卓bili服,SR
23259741,贝奥武夫,冷*****,ios服,SR
23259742,罗摩,家*****,安卓bili服,SR
23259743,安妮·伯妮＆玛莉·瑞德,家*****,安卓bili服,SR
23259744,源赖光,家*****,安卓bili服,SSR
23259745,罗摩,G*****,ios服,SR
23259746,阿蒂拉,n*****,安卓bili服,SSR
23259747,茨木童子,梅*****,安卓bili服,SR
23259748,源赖光,袁*****,安卓bili服,SSR
23259749,源赖光,梅*****,安卓bili服,SSR
23259750,芬恩·麦克库尔,甄*****,安卓bili服,SR
23259751,源赖光,吕*****,安卓bili服,SSR
23259752,玛尔达,梅*****,安卓bili服,SR
23259753,茨木童子,梅*****,安卓bili服,SR
23259754,斯忒诺,滞*****,安卓bili服,SR
23259755,卫宫,滞*****,安卓bili服,SR
23259756,茨木童子,于*****,安卓bili服,SR
23259757,源赖光,梅*****,安卓bili服,SSR
23259758,玉藻猫,冯*****,安卓bili服,SR
23259759,茨木童子,表*****,安卓bili服,SR
23259760,源赖光,冯*****,安卓bili服,SSR
