id,info,rname,sname,star
26405717,茨木童子,꧁*****,安卓bili服,SR
26405718,茨木童子,Z*****,ios服,SR
26405719,源赖光,释*****,安卓bili服,SSR
26405720,茨木童子,ღ*****,安卓bili服,SR
26405721,玛尔达,依*****,安卓bili服,SR
26405722,弗兰肯斯坦,蓬*****,ios服,SR
26405723,伊丽莎白·巴托里,腹*****,ios服,SR
26405724,弗兰肯斯坦,雁*****,安卓bili服,SR
26405725,阿蒂拉,M*****,安卓bili服,SSR
26405726,茨木童子,p*****,安卓bili服,SR
26405727,茨木童子,欧*****,ios服,SR
26405728,源赖光,3*****,ios服,SSR
26405729,茨木童子,为*****,安卓bili服,SR
26405730,伊丽莎白·巴托里,N*****,安卓bili服,SR
26405731,茨木童子,超*****,ios服,SR
26405732,阿尔托莉雅·潘德拉贡〔Alter〕,k*****,安卓bili服,SR
26405733,茨木童子,兹*****,安卓bili服,SR
26405734,茨木童子,R*****,ios服,SR
26405735,罗摩,3*****,安卓bili服,SR
26405736,茨木童子,闪*****,安卓bili服,SR
26405737,南丁格尔,l*****,安卓bili服,SSR
26405738,罗摩,R*****,安卓bili服,SR
26405739,源赖光,n*****,安卓bili服,SSR
26405740,茨木童子,n*****,安卓bili服,SR
26405741,卫宫〔Assassin〕,有*****,安卓bili服,SR
26405742,卡米拉,a*****,安卓bili服,SR
26405743,茨木童子,丟*****,安卓bili服,SR
26405744,茨木童子,新*****,安卓bili服,SR
26405745,阿周那,1*****,安卓bili服,SSR
26405746,弗兰肯斯坦,I*****,ios服,SR
26405747,茨木童子,T*****,ios服,SR
26405748,美狄亚〔Lily〕,h*****,安卓bili服,SR
26405749,源赖光,y*****,ios服,SSR
26405750,源赖光,十*****,ios服,SSR
26405751,玛尔达,天*****,安卓bili服,SR
26405752,安妮·伯妮＆玛莉·瑞德,花*****,ios服,SR
26405753,尼禄·克劳狄乌斯,c*****,安卓bili服,SR
26405754,茨木童子,今*****,安卓bili服,SR
26405755,茨木童子,今*****,安卓bili服,SR
26405756,源赖光,茄*****,安卓bili服,SSR
26405757,罗摩,茄*****,安卓bili服,SR
26405758,弗兰肯斯坦,m*****,ios服,SR
26405759,茨木童子,c*****,安卓bili服,SR
26405760,卫宫〔Assassin〕,n*****,安卓bili服,SR
26405761,茨木童子,c*****,安卓bili服,SR
26405762,骑士迪昂,迦*****,安卓联运服,SR
26405763,茨木童子,由*****,ios服,SR
26405764,茨木童子,纯*****,安卓bili服,SR
26405765,兰斯洛特,纯*****,安卓bili服,SR
26405766,骑士迪昂,黄*****,安卓bili服,SR
26405767,玉藻猫,守*****,安卓联运服,SR
26405768,玉藻猫,星*****,安卓联运服,SR
26405769,罗摩,s*****,安卓bili服,SR
26405770,卫宫〔Assassin〕,L*****,安卓bili服,SR
26405771,兰斯洛特,1*****,ios服,SR
26405772,齐格飞,杨*****,安卓bili服,SR
26405773,源赖光,青*****,安卓bili服,SSR
26405774,阿斯托尔福,北*****,安卓bili服,SR
26405775,齐格飞,北*****,安卓bili服,SR
26405776,俄里翁,2*****,ios服,SSR
26405777,源赖光,r*****,安卓bili服,SSR
26405778,茨木童子,美*****,安卓bili服,SR
26405779,卡米拉,e*****,安卓bili服,SR
26405780,兰斯洛特,e*****,安卓bili服,SR
26405781,源赖光,红*****,安卓bili服,SSR
26405782,海伦娜·布拉瓦茨基,小*****,安卓bili服,SR
26405783,海伦娜·布拉瓦茨基,f*****,ios服,SR
26405784,俄里翁,f*****,ios服,SSR
26405785,斯忒诺,蜜*****,安卓联运服,SR
26405786,兰斯洛特,t*****,安卓bili服,SR
26405787,源赖光,M*****,安卓bili服,SSR
26405788,赫拉克勒斯,M*****,安卓bili服,SR
26405789,弗朗西斯·德雷克,怒*****,安卓bili服,SSR
26405790,迦尔纳,怒*****,安卓bili服,SSR
26405791,伊丽莎白·巴托里,6*****,安卓bili服,SR
26405792,骑士迪昂,g*****,安卓bili服,SR
26405793,茨木童子,沃*****,安卓bili服,SR
26405794,阿斯托尔福,5*****,安卓bili服,SR
26405795,茨木童子,e*****,ios服,SR
26405796,迦尔纳,d*****,安卓bili服,SSR
26405797,斯忒诺,唤*****,安卓bili服,SR
26405798,安妮·伯妮＆玛莉·瑞德,h*****,ios服,SR
26405799,源赖光,Y*****,安卓bili服,SSR
26405800,南丁格尔,初*****,ios服,SSR
26405801,莫德雷德,j*****,安卓bili服,SSR
26405802,茨木童子,D*****,ios服,SR
26405803,阿斯托尔福,蒼*****,安卓bili服,SR
26405804,茨木童子,Y*****,安卓bili服,SR
26405805,罗摩,我*****,ios服,SR
26405806,卡米拉,战*****,安卓bili服,SR
26405807,齐格飞,战*****,安卓bili服,SR
26405808,莫德雷德,阿*****,安卓联运服,SSR
26405809,茨木童子,A*****,ios服,SR
26405810,骑士迪昂,I*****,ios服,SR
26405811,卫宫,o*****,安卓bili服,SR
26405812,开膛手杰克,R*****,安卓bili服,SSR
26405813,齐格飞,s*****,安卓bili服,SR
26405814,安妮·伯妮＆玛莉·瑞德,2*****,安卓bili服,SR
26405815,南丁格尔,灬*****,安卓bili服,SSR
26405816,海伦娜·布拉瓦茨基,呃*****,ios服,SR
