id,info,rname,sname,star
16017711,玛丽·安托瓦内特,天*****,安卓bili服,SR
16017712,玛丽·安托瓦内特,t*****,安卓bili服,SR
16017713,弗兰肯斯坦,2*****,ios服,SR
16017714,李书文,粗*****,安卓bili服,SR
16017715,玄奘三藏,粗*****,安卓bili服,SSR
16017716,玄奘三藏,f*****,ios服,SSR
16017717,美狄亚〔Lily〕,d*****,安卓bili服,SR
16017718,卡米拉,3*****,安卓bili服,SR
16017719,玛尔达, *****,安卓联运服,SR
16017720,玄奘三藏,乌*****,ios服,SSR
16017721,骑士迪昂,乌*****,ios服,SR
16017722,李书文,羡*****,ios服,SR
16017723,齐格飞,凉*****,安卓bili服,SR
16017724,兰斯洛特,t*****,安卓bili服,SR
16017725,伊丽莎白·巴托里,c*****,安卓bili服,SR
16017726,玛尔达,繁*****,安卓bili服,SR
16017727,斯忒诺,繁*****,安卓bili服,SR
16017728,李书文,水*****,安卓bili服,SR
16017729,李书文,1*****,安卓bili服,SR
16017730,玄奘三藏,花*****,ios服,SSR
16017731,托马斯·爱迪生,c*****,ios服,SR
16017732,骑士迪昂,北*****,安卓bili服,SR
16017733,卫宫,8*****,安卓bili服,SR
16017734,卫宫,时*****,安卓bili服,SR
16017735,贝奥武夫,时*****,安卓bili服,SR
16017736,李书文,1*****,安卓bili服,SR
16017737,玛尔达,殇*****,安卓bili服,SR
16017738,贝奥武夫,9*****,安卓bili服,SR
16017739,玄奘三藏,四*****,ios服,SSR
16017740,卫宫,r*****,安卓bili服,SR
16017741,李书文,蛋*****,ios服,SR
16017742,库·丘林[Alter],7*****,ios服,SSR
16017743,尼古拉·特斯拉,d*****,安卓bili服,SSR
16017744,玄奘三藏,r*****,ios服,SSR
16017745,李书文,希*****,ios服,SR
16017746,阿周那,1*****,安卓bili服,SSR
16017747,卫宫,d*****,安卓bili服,SR
16017748,海伦娜·布拉瓦茨基,d*****,安卓bili服,SR
16017749,贝奥武夫,哈*****,安卓bili服,SR
16017750,诸葛孔明〔埃尔梅罗Ⅱ世〕,莱*****,ios服,SSR
16017751,卫宫,1*****,ios服,SR
16017752,玄奘三藏,初*****,安卓bili服,SSR
16017753,卡米拉,h*****,安卓bili服,SR
16017754,玄奘三藏,h*****,安卓bili服,SSR
16017755,阿斯托尔福,淼*****,ios服,SR
16017756,李书文,2*****,ios服,SR
16017757,李书文,2*****,ios服,SR
16017758,玛丽·安托瓦内特,3*****,安卓bili服,SR
16017759,兰斯洛特,n*****,安卓bili服,SR
16017760,齐格飞,我*****,安卓联运服,SR
16017761,玛丽·安托瓦内特,我*****,安卓联运服,SR
16017762,齐格飞,a*****,安卓bili服,SR
16017763,李书文,翁*****,ios服,SR
16017764,李书文,翁*****,ios服,SR
16017765,卫宫,萌*****,ios服,SR
16017766,卫宫,萌*****,ios服,SR
16017767,芬恩·麦克库尔,萌*****,ios服,SR
16017768,卡米拉,右*****,安卓bili服,SR
16017769,玛尔达,右*****,安卓bili服,SR
16017770,阿尔托莉雅·潘德拉贡,d*****,ios服,SSR
16017771,玄奘三藏,星*****,安卓bili服,SSR
16017772,弗拉德三世,i*****,安卓bili服,SSR
16017773,李书文,嗜*****,安卓bili服,SR
16017774,骑士迪昂,吴*****,安卓联运服,SR
16017775,玄奘三藏,l*****,安卓bili服,SSR
16017776,玛丽·安托瓦内特,1*****,安卓bili服,SR
16017777,卡米拉,s*****,安卓bili服,SR
16017778,俄里翁,t*****,安卓bili服,SSR
16017779,李书文,5*****,安卓bili服,SR
16017780,玛丽·安托瓦内特,t*****,安卓bili服,SR
16017781,玄奘三藏,6*****,ios服,SSR
16017782,阿周那,北*****,安卓bili服,SSR
16017783,赫拉克勒斯,x*****,安卓bili服,SR
16017784,斯忒诺,i*****,安卓bili服,SR
16017785,玉藻猫,T*****,ios服,SR
16017786,骑士迪昂,n*****,安卓bili服,SR
16017787,兰斯洛特,a*****,安卓bili服,SR
16017788,阿斯托尔福,8*****,安卓bili服,SR
16017789,玛尔达,8*****,安卓bili服,SR
16017790,玄奘三藏,D*****,ios服,SSR
16017791,卫宫,D*****,ios服,SR
16017792,玄奘三藏,e*****,安卓bili服,SSR
16017793,骑士迪昂,落*****,安卓bili服,SR
16017794,贝奥武夫,落*****,安卓bili服,SR
16017795,李书文,落*****,安卓bili服,SR
16017796,玉藻猫,k*****,安卓联运服,SR
16017797,卫宫,k*****,安卓联运服,SR
16017798,李书文,n*****,安卓bili服,SR
16017799,李书文,小*****,ios服,SR
16017800,俄里翁,咕*****,安卓bili服,SSR
16017801,阿斯托尔福,8*****,ios服,SR
16017802,罗摩,8*****,ios服,SR
16017803,李书文,普*****,安卓bili服,SR
16017804,玛尔达,大*****,ios服,SR
16017805,阿周那,迷*****,安卓bili服,SSR
16017806,斯忒诺,7*****,ios服,SR
16017807,迦尔纳,d*****,安卓bili服,SSR
16017808,南丁格尔,言*****,安卓bili服,SSR
16017809,李书文,❦*****,安卓bili服,SR
16017810,海伦娜·布拉瓦茨基,f*****,安卓bili服,SR
